1,2,145.00,174.00,70.36,130.00,1,-1,-1,-1
2,2,145.00,169.00,69.68,130.00,1,-1,-1,-1
3,2,146.00,165.00,62.00,132.00,1,-1,-1,-1
4,2,143.00,159.00,66.00,121.00,1,-1,-1,-1
5,2,139.00,155.00,68.00,115.00,1,-1,-1,-1
6,2,137.00,155.00,72.00,116.00,1,-1,-1,-1
7,2,130.00,145.00,74.00,116.00,1,-1,-1,-1
8,2,129.00,140.00,76.00,118.00,1,-1,-1,-1
9,2,133.99,135.00,73.01,125.00,1,-1,-1,-1
10,2,133.99,132.00,75.01,131.22,1,-1,-1,-1
11,2,131.00,129.00,73.00,131.00,1,-1,-1,-1
12,2,130.00,126.00,75.00,130.00,1,-1,-1,-1
13,2,134.00,120.00,70.00,137.00,1,-1,-1,-1
14,2,135.00,115.53,69.42,138.47,1,-1,-1,-1
15,2,131.26,112.11,70.43,131.28,1,-1,-1,-1
16,2,131.00,109.00,69.00,130.00,1,-1,-1,-1
17,2,125.00,107.00,75.00,124.00,1,-1,-1,-1
18,2,128.52,96.38,67.48,130.00,1,-1,-1,-1
19,2,127.00,94.00,70.00,122.00,1,-1,-1,-1
20,2,125.09,88.52,72.87,126.86,1,-1,-1,-1
21,2,123.78,83.85,74.00,128.00,1,-1,-1,-1
22,2,122.83,79.56,74.95,129.22,1,-1,-1,-1
23,2,121.68,74.57,76.00,132.00,1,-1,-1,-1
24,2,120.52,69.66,78.50,136.56,1,-1,-1,-1
25,2,119.07,64.79,80.00,140.00,1,-1,-1,-1
26,2,117.58,59.78,82.00,144.00,1,-1,-1,-1
27,2,116.04,54.64,85.27,148.16,1,-1,-1,-1
28,2,114.28,49.08,88.00,152.00,1,-1,-1,-1
29,2,112.76,43.48,90.00,156.00,1,-1,-1,-1
30,2,123.05,47.84,73.85,140.85,1,-1,-1,-1
31,2,123.05,41.68,71.79,138.12,1,-1,-1,-1
32,2,119.63,36.21,76.58,127.86,1,-1,-1,-1
33,2,119.63,31.43,74.53,129.91,1,-1,-1,-1
34,2,121.68,25.96,72.48,126.50,1,-1,-1,-1
35,2,119.63,23.22,73.16,123.08,1,-1,-1,-1
36,2,117.58,23.22,75.90,122.39,1,-1,-1,-1
37,2,116.21,17.07,70.43,130.60,1,-1,-1,-1
38,2,113.48,3.45,78.63,136.01,1,-1,-1,-1
39,2,114.85,1.00,71.79,141.20,1,-1,-1,-1
40,2,116.90,1.00,68.38,127.52,1,-1,-1,-1
41,2,116.21,1.00,71.79,136.41,1,-1,-1,-1
42,2,111.43,1.00,75.90,133.68,1,-1,-1,-1
43,2,114.16,1.00,71.79,130.26,1,-1,-1,-1
44,2,112.11,1.00,73.85,130.94,1,-1,-1,-1
45,2,109.38,1.00,72.48,120.68,1,-1,-1,-1
46,2,110.74,1.00,75.21,117.26,1,-1,-1,-1
47,2,110.06,1.00,72.48,103.59,1,-1,-1,-1
48,2,96.44,1.00,96.51,119.44,1,-1,-1,-1
49,2,95.08,1.00,97.83,115.49,1,-1,-1,-1
50,2,93.34,1.00,100.03,111.98,1,-1,-1,-1
51,2,91.43,1.00,102.61,108.65,1,-1,-1,-1
52,2,108.69,1.00,71.79,79.66,1,-1,-1,-1
53,2,110.06,1.00,63.59,82.39,1,-1,-1,-1
54,2,104.59,1.00,79.32,85.81,1,-1,-1,-1
55,2,109.38,1.00,64.96,85.81,1,-1,-1,-1
57,2,79.70,1.00,117.98,92.36,1,-1,-1,-1
58,2,86.20,1.00,104.51,88.00,1,-1,-1,-1
225,3,313.00,308.00,81.00,88.00,1,-1,-1,-1
226,3,315.00,303.00,77.00,96.00,1,-1,-1,-1
227,3,313.11,296.49,77.59,96.69,1,-1,-1,-1
228,3,310.74,290.06,79.69,98.77,1,-1,-1,-1
229,3,307.26,283.11,84.13,103.18,1,-1,-1,-1
230,3,303.57,275.80,89.90,108.46,1,-1,-1,-1
231,3,300.38,268.98,95.08,112.85,1,-1,-1,-1
232,3,297.53,262.26,99.64,116.89,1,-1,-1,-1
233,3,294.58,255.84,104.05,120.83,1,-1,-1,-1
234,3,291.26,249.89,108.23,124.86,1,-1,-1,-1
235,3,288.76,244.09,111.21,127.12,1,-1,-1,-1
236,3,286.41,238.68,112.92,128.63,1,-1,-1,-1
237,3,284.10,233.18,114.01,129.52,1,-1,-1,-1
238,3,281.77,227.92,114.49,130.01,1,-1,-1,-1
239,3,280.36,223.28,112.69,128.21,1,-1,-1,-1
240,3,278.47,218.01,111.89,127.24,1,-1,-1,-1
241,3,276.63,213.06,110.04,125.74,1,-1,-1,-1
242,3,276.19,208.28,106.79,122.51,1,-1,-1,-1
243,3,275.52,203.43,104.24,120.23,1,-1,-1,-1
244,3,275.36,199.06,100.15,116.77,1,-1,-1,-1
245,3,275.32,194.29,97.30,114.40,1,-1,-1,-1
246,3,274.77,189.64,95.03,112.91,1,-1,-1,-1
247,3,274.23,185.23,92.56,111.28,1,-1,-1,-1
248,3,273.99,181.58,88.97,108.59,1,-1,-1,-1
249,3,273.73,178.14,84.77,105.57,1,-1,-1,-1
250,3,269.16,171.60,89.17,109.35,1,-1,-1,-1
251,3,267.62,166.53,90.24,110.30,1,-1,-1,-1
252,3,266.33,161.62,91.04,111.12,1,-1,-1,-1
253,3,265.04,156.53,92.01,112.09,1,-1,-1,-1
254,3,263.66,150.88,93.11,112.97,1,-1,-1,-1
255,3,262.82,144.97,93.68,113.09,1,-1,-1,-1
256,3,262.23,138.87,94.06,113.12,1,-1,-1,-1
257,3,261.45,132.32,94.97,113.83,1,-1,-1,-1
258,3,261.84,126.76,94.12,113.13,1,-1,-1,-1
259,3,262.58,121.83,92.76,112.29,1,-1,-1,-1
260,3,263.24,117.28,91.35,111.69,1,-1,-1,-1
261,3,264.53,112.97,89.07,110.32,1,-1,-1,-1
262,3,264.06,107.90,89.43,111.23,1,-1,-1,-1
263,3,261.93,101.99,92.59,114.45,1,-1,-1,-1
264,3,271.43,96.32,79.32,117.00,1,-1,-1,-1
265,3,277.58,90.96,65.64,120.00,1,-1,-1,-1
266,3,255.66,85.54,102.30,123.82,1,-1,-1,-1
267,3,253.84,80.52,104.70,126.18,1,-1,-1,-1
268,3,251.69,75.20,106.83,128.32,1,-1,-1,-1
269,3,268.01,70.27,71.11,129.00,1,-1,-1,-1
270,3,264.59,65.34,83.42,129.00,1,-1,-1,-1
271,3,247.95,60.17,108.22,129.43,1,-1,-1,-1
272,3,247.02,55.12,107.46,128.80,1,-1,-1,-1
273,3,255.70,50.04,88.00,127.00,1,-1,-1,-1
274,3,246.14,44.93,105.44,126.65,1,-1,-1,-1
275,3,246.20,40.06,103.70,124.99,1,-1,-1,-1
276,3,246.69,35.46,100.97,122.37,1,-1,-1,-1
277,3,247.04,30.95,98.00,119.00,1,-1,-1,-1
277,4,148.00,238.00,82.00,158.00,1,-1,-1,-1
278,3,247.60,26.72,94.00,117.00,1,-1,-1,-1
278,4,159.00,243.00,63.00,154.00,1,-1,-1,-1
279,3,247.71,22.36,93.04,115.59,1,-1,-1,-1
279,4,159.00,243.00,63.00,154.00,1,-1,-1,-1
280,3,256.38,16.77,83.20,117.00,1,-1,-1,-1
280,4,155.00,227.00,69.00,169.00,1,-1,-1,-1
281,3,252.28,11.08,87.55,119.00,1,-1,-1,-1
281,4,155.00,227.00,69.00,169.00,1,-1,-1,-1
282,3,239.71,5.36,100.62,121.80,1,-1,-1,-1
282,4,155.00,227.00,69.00,169.00,1,-1,-1,-1
283,3,237.86,1.00,102.00,122.00,1,-1,-1,-1
283,4,155.00,227.00,69.00,169.00,1,-1,-1,-1
284,3,237.10,1.00,102.47,118.16,1,-1,-1,-1
284,4,155.00,227.00,69.00,169.00,1,-1,-1,-1
285,3,236.04,1.00,103.43,114.61,1,-1,-1,-1
285,4,152.00,215.00,75.00,182.00,1,-1,-1,-1
286,3,234.90,1.00,104.00,110.00,1,-1,-1,-1
286,4,153.00,243.00,63.00,154.00,1,-1,-1,-1
287,3,234.91,1.00,103.00,104.00,1,-1,-1,-1
287,4,159.00,212.00,63.00,154.00,1,-1,-1,-1
288,3,235.54,1.00,102.00,97.00,1,-1,-1,-1
288,4,159.00,206.00,63.00,154.00,1,-1,-1,-1
289,3,234.80,1.00,103.47,93.21,1,-1,-1,-1
289,4,147.00,237.00,63.00,154.00,1,-1,-1,-1
290,3,233.29,1.00,105.00,90.00,1,-1,-1,-1
290,4,159.00,200.00,63.00,154.00,1,-1,-1,-1
291,3,230.89,1.00,108.00,88.00,1,-1,-1,-1
291,4,159.00,200.00,63.00,154.00,1,-1,-1,-1
292,3,228.79,1.00,111.00,86.00,1,-1,-1,-1
292,4,159.00,194.00,63.00,154.00,1,-1,-1,-1
293,3,252.28,1.00,74.00,84.00,1,-1,-1,-1
293,4,155.00,193.00,69.00,169.00,1,-1,-1,-1
294,3,211.37,1.00,140.00,91.00,1,-1,-1,-1
294,4,155.00,186.00,69.00,169.00,1,-1,-1,-1
295,3,209.68,1.00,143.00,89.00,1,-1,-1,-1
295,4,155.00,180.00,69.00,169.00,1,-1,-1,-1
296,3,187.42,1.00,178.84,104.03,1,-1,-1,-1
296,4,155.00,180.00,69.00,169.00,1,-1,-1,-1
297,4,155.00,180.00,69.00,169.00,1,-1,-1,-1
298,4,155.00,180.00,69.00,169.00,1,-1,-1,-1
299,4,152.00,171.00,75.00,182.00,1,-1,-1,-1
300,4,152.00,171.00,75.00,182.00,1,-1,-1,-1
301,4,152.00,164.00,75.00,182.00,1,-1,-1,-1
302,4,148.00,180.00,69.00,169.00,1,-1,-1,-1
303,4,148.00,180.00,69.00,169.00,1,-1,-1,-1
304,4,148.00,173.00,69.00,169.00,1,-1,-1,-1
305,4,151.00,148.00,82.00,200.00,1,-1,-1,-1
306,4,147.00,175.00,63.00,154.00,1,-1,-1,-1
307,4,145.00,179.00,53.00,130.00,1,-1,-1,-1
308,4,150.00,179.00,53.00,130.00,1,-1,-1,-1
309,4,145.00,174.00,53.00,130.00,1,-1,-1,-1
310,4,147.00,169.00,49.00,119.00,1,-1,-1,-1
311,4,147.00,164.00,49.00,119.00,1,-1,-1,-1
312,4,174.00,127.00,58.00,141.00,1,-1,-1,-1
313,4,171.00,122.00,53.00,130.00,1,-1,-1,-1
314,4,176.00,122.00,53.00,130.00,1,-1,-1,-1
315,4,142.20,110.00,89.80,198.35,1,-1,-1,-1
316,4,150.40,110.00,81.60,193.56,1,-1,-1,-1
317,4,149.00,105.00,81.00,186.00,1,-1,-1,-1
318,4,147.00,109.00,87.00,178.00,1,-1,-1,-1
319,4,148.26,91.65,82.14,181.15,1,-1,-1,-1
320,4,151.00,110.00,86.24,168.26,1,-1,-1,-1
321,4,153.00,95.02,82.19,178.98,1,-1,-1,-1
322,4,159.00,89.00,80.00,169.00,1,-1,-1,-1
323,4,154.00,87.00,85.00,163.00,1,-1,-1,-1
324,4,154.00,86.00,87.00,149.00,1,-1,-1,-1
325,4,150.00,75.00,100.00,165.00,1,-1,-1,-1
326,4,160.00,77.24,68.35,153.76,1,-1,-1,-1
327,4,161.00,63.56,72.14,162.44,1,-1,-1,-1
328,4,160.00,60.83,80.66,165.17,1,-1,-1,-1
329,4,157.00,60.83,84.34,167.17,1,-1,-1,-1
330,4,159.00,60.15,82.34,170.85,1,-1,-1,-1
331,4,159.00,60.15,85.08,170.85,1,-1,-1,-1
332,4,163.00,51.26,80.39,165.74,1,-1,-1,-1
333,4,159.00,44.42,88.50,180.58,1,-1,-1,-1
334,4,162.71,40.32,82.74,187.35,1,-1,-1,-1
335,4,162.00,49.89,79.34,177.11,1,-1,-1,-1
336,4,159.00,71.00,63.00,154.00,1,-1,-1,-1
337,4,159.00,65.00,63.00,154.00,1,-1,-1,-1
338,4,160.00,43.00,84.00,156.00,1,-1,-1,-1
339,4,160.00,55.00,53.00,130.00,1,-1,-1,-1
340,4,166.00,55.00,49.00,119.00,1,-1,-1,-1
341,4,166.00,35.00,62.00,147.00,1,-1,-1,-1
342,4,163.00,36.00,61.00,147.00,1,-1,-1,-1
343,4,162.00,42.00,69.00,138.00,1,-1,-1,-1
344,4,161.00,43.00,81.00,140.00,1,-1,-1,-1
345,4,166.00,43.00,63.00,144.00,1,-1,-1,-1
346,4,166.00,27.00,71.00,147.00,1,-1,-1,-1
347,4,173.00,38.00,63.00,143.00,1,-1,-1,-1
348,4,163.00,25.00,79.00,150.00,1,-1,-1,-1
349,4,174.00,27.00,62.00,139.00,1,-1,-1,-1
350,4,172.00,19.00,75.00,140.00,1,-1,-1,-1
351,4,178.00,25.00,61.00,128.00,1,-1,-1,-1
352,4,176.00,21.00,74.00,134.00,1,-1,-1,-1
353,4,184.00,12.00,63.00,122.00,1,-1,-1,-1
354,4,180.00,11.00,85.00,125.00,1,-1,-1,-1
355,4,187.00,9.00,79.00,130.00,1,-1,-1,-1
356,4,176.00,5.00,89.00,120.00,1,-1,-1,-1
357,4,189.00,9.00,61.00,106.00,1,-1,-1,-1
358,4,188.00,13.00,59.00,93.00,1,-1,-1,-1
359,4,183.00,5.00,77.00,111.00,1,-1,-1,-1
360,4,174.00,1.00,93.00,110.00,1,-1,-1,-1
361,4,181.00,1.00,79.00,115.00,1,-1,-1,-1
362,4,178.00,1.00,95.00,115.00,1,-1,-1,-1
363,4,184.00,1.00,71.00,115.00,1,-1,-1,-1
364,4,191.00,1.00,73.00,121.00,1,-1,-1,-1
365,4,174.00,1.00,81.00,117.00,1,-1,-1,-1
366,4,188.00,1.00,94.00,119.00,1,-1,-1,-1
465,4,64.00,1.00,82.00,103.00,1,-1,-1,-1
466,4,59.00,1.00,87.00,86.00,1,-1,-1,-1
469,4,59.00,1.00,87.00,118.00,1,-1,-1,-1
470,4,66.00,1.00,91.00,131.00,1,-1,-1,-1
471,4,58.00,2.00,96.00,133.00,1,-1,-1,-1
472,4,56.00,14.00,98.00,141.00,1,-1,-1,-1
473,4,59.00,13.00,90.00,133.00,1,-1,-1,-1
474,4,88.00,18.00,41.00,100.00,1,-1,-1,-1
475,4,88.00,22.00,41.00,100.00,1,-1,-1,-1
476,4,82.00,24.00,45.00,109.00,1,-1,-1,-1
477,4,86.00,28.00,45.00,109.00,1,-1,-1,-1
478,4,86.00,28.00,45.00,109.00,1,-1,-1,-1
479,4,86.00,33.00,45.00,109.00,1,-1,-1,-1
480,4,92.00,38.00,41.00,100.00,1,-1,-1,-1
481,4,88.00,42.00,41.00,100.00,1,-1,-1,-1
482,4,88.00,50.00,41.00,100.00,1,-1,-1,-1
483,4,86.00,50.00,45.00,109.00,1,-1,-1,-1
484,4,86.00,54.00,45.00,109.00,1,-1,-1,-1
485,4,86.00,59.00,45.00,109.00,1,-1,-1,-1
486,4,86.00,63.00,45.00,109.00,1,-1,-1,-1
487,4,91.00,72.00,45.00,109.00,1,-1,-1,-1
488,4,88.00,65.00,53.00,130.00,1,-1,-1,-1
489,4,90.00,79.00,49.00,119.00,1,-1,-1,-1
490,4,90.00,79.00,49.00,119.00,1,-1,-1,-1
491,4,95.00,85.00,45.00,109.00,1,-1,-1,-1
492,4,95.00,89.00,45.00,109.00,1,-1,-1,-1
493,4,95.00,93.00,45.00,109.00,1,-1,-1,-1
494,4,100.00,98.00,41.00,100.00,1,-1,-1,-1
495,4,96.00,102.00,41.00,100.00,1,-1,-1,-1
496,4,100.00,102.00,41.00,100.00,1,-1,-1,-1
497,4,104.00,102.00,41.00,100.00,1,-1,-1,-1
498,4,104.00,98.00,41.00,100.00,1,-1,-1,-1
499,4,108.00,106.00,41.00,100.00,1,-1,-1,-1
500,4,108.00,110.00,41.00,100.00,1,-1,-1,-1
501,4,104.00,115.00,45.00,109.00,1,-1,-1,-1
502,4,86.00,124.00,86.00,128.00,1,-1,-1,-1
503,4,92.00,130.00,87.00,137.00,1,-1,-1,-1
504,4,79.00,124.00,95.00,145.00,1,-1,-1,-1
505,4,85.00,127.00,95.00,136.00,1,-1,-1,-1
506,4,109.00,140.00,49.00,119.00,1,-1,-1,-1
507,4,114.00,140.00,49.00,119.00,1,-1,-1,-1
508,4,118.00,140.00,49.00,119.00,1,-1,-1,-1
509,4,121.00,141.00,45.00,109.00,1,-1,-1,-1
510,4,124.00,158.00,41.00,100.00,1,-1,-1,-1
511,4,128.00,162.00,41.00,100.00,1,-1,-1,-1
512,4,124.00,166.00,41.00,100.00,1,-1,-1,-1
513,4,123.00,164.00,49.00,119.00,1,-1,-1,-1
514,4,126.00,167.00,45.00,109.00,1,-1,-1,-1
515,4,123.00,164.00,49.00,119.00,1,-1,-1,-1
516,4,126.00,172.00,45.00,109.00,1,-1,-1,-1
517,4,126.00,180.00,45.00,109.00,1,-1,-1,-1
518,4,101.00,180.00,95.00,141.00,1,-1,-1,-1
519,4,130.00,198.00,45.00,109.00,1,-1,-1,-1
520,4,130.00,198.00,45.00,109.00,1,-1,-1,-1
521,4,134.00,198.00,45.00,109.00,1,-1,-1,-1
522,4,136.00,210.00,41.00,100.00,1,-1,-1,-1
523,4,140.00,214.00,41.00,100.00,1,-1,-1,-1
524,4,140.00,214.00,41.00,100.00,1,-1,-1,-1
525,4,113.00,208.00,95.00,124.00,1,-1,-1,-1
526,4,119.00,223.00,83.00,121.00,1,-1,-1,-1
527,4,116.00,226.00,85.00,110.00,1,-1,-1,-1
528,4,126.00,228.00,72.00,103.00,1,-1,-1,-1
529,4,126.00,218.00,91.00,129.00,1,-1,-1,-1
530,4,126.00,243.00,83.00,103.00,1,-1,-1,-1
531,4,124.00,235.00,85.00,101.00,1,-1,-1,-1
532,4,129.00,246.00,79.00,105.00,1,-1,-1,-1
533,4,164.00,254.00,41.00,100.00,1,-1,-1,-1
534,4,143.00,247.00,84.00,131.00,1,-1,-1,-1
535,4,146.00,260.00,81.00,111.00,1,-1,-1,-1
536,4,139.00,262.00,91.00,107.00,1,-1,-1,-1
537,4,165.00,263.00,45.00,109.00,1,-1,-1,-1
538,4,148.00,265.00,86.00,117.00,1,-1,-1,-1
539,4,180.00,282.00,41.00,100.00,1,-1,-1,-1
540,4,180.00,282.00,41.00,100.00,1,-1,-1,-1
541,4,180.00,282.00,41.00,100.00,1,-1,-1,-1
542,4,180.00,282.00,41.00,100.00,1,-1,-1,-1
543,4,184.00,282.00,41.00,100.00,1,-1,-1,-1
544,4,167.00,280.00,72.00,100.00,1,-1,-1,-1
545,4,157.00,288.00,84.00,96.00,1,-1,-1,-1
546,4,165.00,300.00,78.00,84.00,1,-1,-1,-1
547,4,160.00,299.00,90.00,101.00,1,-1,-1,-1
548,4,170.00,306.00,104.00,95.00,1,-1,-1,-1
549,4,165.00,311.00,89.00,90.00,1,-1,-1,-1
550,4,175.00,312.00,81.00,84.00,1,-1,-1,-1
551,4,163.00,306.00,97.00,95.00,1,-1,-1,-1
552,4,163.00,308.00,98.00,93.00,1,-1,-1,-1
553,4,181.00,316.00,86.00,85.00,1,-1,-1,-1
554,4,184.00,334.00,100.00,67.00,1,-1,-1,-1
555,4,161.00,322.00,122.00,79.00,1,-1,-1,-1
556,4,180.00,327.00,94.00,74.00,1,-1,-1,-1
557,4,200.00,347.00,84.00,54.00,1,-1,-1,-1
558,4,187.00,339.00,100.00,62.00,1,-1,-1,-1
945,5,291.00,345.00,80.00,56.00,1,-1,-1,-1
946,5,291.00,341.00,78.00,60.00,1,-1,-1,-1
947,5,289.00,330.00,87.00,71.00,1,-1,-1,-1
948,5,281.00,319.00,97.00,82.00,1,-1,-1,-1
949,5,295.00,321.00,76.00,78.00,1,-1,-1,-1
950,5,281.00,308.00,92.00,93.00,1,-1,-1,-1
951,5,285.00,306.00,83.00,91.00,1,-1,-1,-1
952,5,287.00,307.00,85.00,94.00,1,-1,-1,-1
953,5,285.00,297.00,81.00,102.00,1,-1,-1,-1
954,5,294.00,291.00,72.00,105.00,1,-1,-1,-1
955,5,283.00,293.00,85.00,102.00,1,-1,-1,-1
956,5,282.00,282.00,84.00,115.00,1,-1,-1,-1
957,5,282.00,278.00,82.00,111.00,1,-1,-1,-1
958,5,284.00,276.00,83.00,108.00,1,-1,-1,-1
959,5,288.00,274.00,41.00,100.00,1,-1,-1,-1
960,5,280.00,262.00,75.00,107.00,1,-1,-1,-1
961,5,279.00,265.00,85.00,112.00,1,-1,-1,-1
962,5,282.00,254.00,78.00,125.00,1,-1,-1,-1
963,5,278.00,246.00,77.00,127.00,1,-1,-1,-1
964,5,278.00,243.00,75.00,126.00,1,-1,-1,-1
965,5,278.00,250.00,84.00,123.00,1,-1,-1,-1
966,5,278.00,240.00,78.00,137.00,1,-1,-1,-1
967,5,271.00,241.00,79.00,126.00,1,-1,-1,-1
968,5,273.00,235.00,74.00,137.00,1,-1,-1,-1
969,5,263.00,223.00,82.00,129.00,1,-1,-1,-1
970,5,276.00,223.00,74.00,124.00,1,-1,-1,-1
971,5,267.00,209.00,78.00,123.00,1,-1,-1,-1
972,5,271.00,204.00,66.00,128.00,1,-1,-1,-1
973,5,263.00,206.00,75.00,113.00,1,-1,-1,-1
974,5,272.00,210.57,79.43,95.43,1,-1,-1,-1
975,5,269.00,198.00,45.00,109.00,1,-1,-1,-1
976,5,271.00,193.00,49.00,119.00,1,-1,-1,-1
977,5,271.00,188.00,49.00,119.00,1,-1,-1,-1
978,5,269.00,174.00,53.00,130.00,1,-1,-1,-1
979,5,264.00,179.00,53.00,130.00,1,-1,-1,-1
980,5,264.00,166.00,58.00,141.00,1,-1,-1,-1
981,5,264.00,157.00,63.00,154.00,1,-1,-1,-1
982,5,266.00,169.00,49.00,119.00,1,-1,-1,-1
983,5,266.00,164.00,49.00,119.00,1,-1,-1,-1
984,5,259.00,153.00,53.00,130.00,1,-1,-1,-1
985,5,259.00,153.00,53.00,130.00,1,-1,-1,-1
986,5,261.00,150.00,49.00,119.00,1,-1,-1,-1
987,5,253.00,138.00,78.00,129.00,1,-1,-1,-1
988,5,250.00,133.00,84.00,118.00,1,-1,-1,-1
989,5,252.00,135.00,81.00,116.00,1,-1,-1,-1
990,5,254.00,135.00,84.00,117.00,1,-1,-1,-1
991,5,252.00,123.00,75.00,116.00,1,-1,-1,-1
992,5,253.00,127.00,80.00,112.00,1,-1,-1,-1
993,5,240.00,122.00,91.00,123.00,1,-1,-1,-1
994,5,250.00,111.00,83.00,132.00,1,-1,-1,-1
995,5,250.00,113.00,75.00,122.00,1,-1,-1,-1
996,5,247.00,112.00,72.00,123.00,1,-1,-1,-1
997,5,253.00,87.00,58.00,141.00,1,-1,-1,-1
998,5,253.00,82.00,58.00,141.00,1,-1,-1,-1
999,5,253.00,82.00,58.00,141.00,1,-1,-1,-1
1000,5,243.00,85.00,45.00,109.00,1,-1,-1,-1
1001,5,247.00,83.00,49.00,119.00,1,-1,-1,-1
1002,5,242.00,79.00,49.00,119.00,1,-1,-1,-1
1003,5,238.00,65.00,53.00,130.00,1,-1,-1,-1
1004,5,238.00,74.00,49.00,119.00,1,-1,-1,-1
1005,5,238.00,65.00,53.00,130.00,1,-1,-1,-1
1006,5,233.00,40.00,63.00,154.00,1,-1,-1,-1
1007,5,233.00,40.00,63.00,154.00,1,-1,-1,-1
1008,5,230.00,31.00,69.00,169.00,1,-1,-1,-1
1009,5,233.00,40.00,63.00,154.00,1,-1,-1,-1
1010,5,238.00,50.00,49.00,119.00,1,-1,-1,-1
1011,5,238.00,45.00,49.00,119.00,1,-1,-1,-1
1012,5,233.00,39.00,53.00,130.00,1,-1,-1,-1
1013,5,233.00,34.00,53.00,130.00,1,-1,-1,-1
1014,5,233.00,34.00,53.00,130.00,1,-1,-1,-1
1015,5,238.00,26.00,49.00,119.00,1,-1,-1,-1
1016,5,233.00,21.00,49.00,119.00,1,-1,-1,-1
1017,5,238.00,21.00,49.00,119.00,1,-1,-1,-1
1018,5,236.00,14.00,41.00,100.00,1,-1,-1,-1
1019,5,230.00,6.00,71.00,118.00,1,-1,-1,-1
1020,5,221.00,10.00,81.00,110.00,1,-1,-1,-1
1021,5,233.00,12.00,67.00,99.00,1,-1,-1,-1
1022,5,228.00,2.00,87.00,117.00,1,-1,-1,-1
1023,5,226.00,1.00,80.00,116.00,1,-1,-1,-1
1024,5,225.00,1.00,83.00,108.00,1,-1,-1,-1
1025,5,226.00,6.00,87.00,107.00,1,-1,-1,-1
1026,5,217.00,1.00,85.00,116.00,1,-1,-1,-1
1027,5,229.00,1.00,66.00,105.00,1,-1,-1,-1
1028,5,226.00,1.00,67.00,102.00,1,-1,-1,-1
1029,5,226.00,1.00,81.00,99.00,1,-1,-1,-1
1030,5,213.00,1.00,88.00,94.00,1,-1,-1,-1
1031,6,261.00,348.00,81.00,53.00,1,-1,-1,-1
1032,6,255.00,344.00,88.00,57.00,1,-1,-1,-1
1033,6,250.00,336.00,98.00,65.00,1,-1,-1,-1
1034,6,253.00,336.00,92.00,65.00,1,-1,-1,-1
1035,6,243.00,330.00,97.00,71.00,1,-1,-1,-1
1036,6,240.00,324.00,96.00,77.00,1,-1,-1,-1
1037,6,237.00,323.00,99.00,78.00,1,-1,-1,-1
1038,6,232.00,317.00,111.00,84.00,1,-1,-1,-1
1039,6,230.00,315.00,96.00,85.00,1,-1,-1,-1
1040,6,239.00,310.00,95.00,82.00,1,-1,-1,-1
1041,6,244.00,310.00,94.00,85.00,1,-1,-1,-1
1042,6,232.00,299.00,101.00,100.00,1,-1,-1,-1
1043,6,230.00,298.00,93.00,92.00,1,-1,-1,-1
1044,6,230.00,297.00,100.00,95.00,1,-1,-1,-1
1045,6,218.00,286.00,105.00,93.00,1,-1,-1,-1
1046,6,231.00,272.00,88.00,107.00,1,-1,-1,-1
1047,6,230.00,288.00,87.00,94.00,1,-1,-1,-1
1048,6,230.00,280.00,89.00,107.00,1,-1,-1,-1
1049,6,226.00,276.00,89.00,114.00,1,-1,-1,-1
1050,6,217.00,267.00,100.00,110.00,1,-1,-1,-1
1051,6,247.00,250.00,49.00,119.00,1,-1,-1,-1
1052,6,224.00,254.00,75.00,97.00,1,-1,-1,-1
1053,6,221.00,251.00,84.00,102.00,1,-1,-1,-1
1054,6,222.00,250.00,85.00,109.00,1,-1,-1,-1
1055,6,221.00,241.00,91.00,115.00,1,-1,-1,-1
1056,6,217.00,237.00,84.00,118.00,1,-1,-1,-1
1057,6,219.00,235.00,78.00,112.00,1,-1,-1,-1
1058,6,213.00,230.00,79.00,100.00,1,-1,-1,-1
1059,6,212.00,217.00,85.00,124.00,1,-1,-1,-1
1060,6,214.00,224.00,90.00,119.00,1,-1,-1,-1
1061,6,215.00,221.00,82.00,110.00,1,-1,-1,-1
1062,6,209.00,213.00,92.00,122.00,1,-1,-1,-1
1063,6,215.00,211.00,93.00,124.00,1,-1,-1,-1
1064,6,202.00,203.00,102.00,107.00,1,-1,-1,-1
1065,6,230.00,202.00,45.00,109.00,1,-1,-1,-1
1066,6,193.00,189.00,94.00,105.00,1,-1,-1,-1
1067,6,208.00,196.00,81.00,95.00,1,-1,-1,-1
1068,6,206.00,191.00,76.00,101.00,1,-1,-1,-1
1069,6,202.00,179.00,92.00,107.00,1,-1,-1,-1
1070,6,221.00,182.00,63.00,154.00,1,-1,-1,-1
1071,6,206.00,173.00,82.00,114.00,1,-1,-1,-1
1072,6,196.00,167.00,98.00,126.00,1,-1,-1,-1
1073,6,223.00,164.00,49.00,119.00,1,-1,-1,-1
1074,6,218.00,164.00,49.00,119.00,1,-1,-1,-1
1075,6,204.00,161.00,82.00,123.00,1,-1,-1,-1
1076,6,202.00,154.00,93.00,126.00,1,-1,-1,-1
1077,6,212.00,153.00,53.00,130.00,1,-1,-1,-1
1078,6,217.00,154.00,45.00,109.00,1,-1,-1,-1
1079,6,218.00,136.00,49.00,119.00,1,-1,-1,-1
1080,6,217.00,146.00,45.00,109.00,1,-1,-1,-1
1081,6,191.00,135.00,89.00,106.00,1,-1,-1,-1
1082,6,194.00,130.00,81.00,100.00,1,-1,-1,-1
1083,6,213.00,128.00,45.00,109.00,1,-1,-1,-1
1084,6,208.00,128.00,45.00,109.00,1,-1,-1,-1
1086,6,200.00,123.74,68.69,130.26,1,-1,-1,-1
1087,6,189.00,105.00,93.00,118.00,1,-1,-1,-1
1088,6,180.00,105.00,112.00,127.00,1,-1,-1,-1
1089,6,183.00,96.00,88.00,121.00,1,-1,-1,-1
1090,6,202.00,96.00,53.00,130.00,1,-1,-1,-1
1091,6,190.00,96.00,86.00,115.00,1,-1,-1,-1
1092,6,196.00,88.18,73.38,125.82,1,-1,-1,-1
1093,6,183.91,91.60,90.26,115.56,1,-1,-1,-1
1094,6,179.00,87.00,101.00,98.00,1,-1,-1,-1
1095,6,185.96,80.00,90.94,109.00,1,-1,-1,-1
1096,6,183.00,69.00,92.00,116.00,1,-1,-1,-1
1097,6,178.00,63.00,93.00,116.00,1,-1,-1,-1
1098,6,180.00,59.00,96.00,118.00,1,-1,-1,-1
1099,6,184.59,70.00,94.36,100.00,1,-1,-1,-1
1100,6,185.96,60.00,81.37,130.00,1,-1,-1,-1
1101,6,182.54,64.25,83.42,114.75,1,-1,-1,-1
1102,6,175.02,67.67,95.73,94.33,1,-1,-1,-1
1103,6,185.27,49.89,80.68,119.11,1,-1,-1,-1
1104,6,181.00,43.00,86.00,116.00,1,-1,-1,-1
1105,6,188.01,43.05,74.53,120.95,1,-1,-1,-1
1106,6,183.22,36.21,76.58,118.79,1,-1,-1,-1
1107,6,181.85,32.79,75.21,109.21,1,-1,-1,-1
1108,6,180.49,31.43,86.15,110.57,1,-1,-1,-1
1109,6,180.49,25.27,80.00,111.73,1,-1,-1,-1
1110,6,177.07,22.54,61.93,117.46,1,-1,-1,-1
1111,6,190.00,17.00,49.00,119.00,1,-1,-1,-1
1112,6,190.00,17.00,49.00,119.00,1,-1,-1,-1
1113,6,186.00,8.00,53.00,130.00,1,-1,-1,-1
1114,6,186.00,8.00,53.00,130.00,1,-1,-1,-1
1115,6,165.00,2.00,91.00,105.00,1,-1,-1,-1
1116,6,169.00,1.00,92.00,104.00,1,-1,-1,-1
1117,6,165.00,1.00,106.00,112.00,1,-1,-1,-1
1118,6,176.00,1.00,95.00,121.00,1,-1,-1,-1
1119,6,172.00,1.00,106.00,111.00,1,-1,-1,-1
1120,6,188.00,1.00,69.00,106.00,1,-1,-1,-1
1121,6,165.00,1.00,101.00,113.00,1,-1,-1,-1
1122,6,198.00,1.00,66.00,104.00,1,-1,-1,-1
1123,6,173.00,1.00,77.00,88.00,1,-1,-1,-1
1124,6,163.00,1.00,97.00,80.00,1,-1,-1,-1
1125,6,168.00,1.00,90.00,79.00,1,-1,-1,-1
1126,6,176.00,1.00,92.00,76.00,1,-1,-1,-1
1127,7,306.00,295.00,77.00,102.00,1,-1,-1,-1
1128,7,309.00,293.00,71.00,104.00,1,-1,-1,-1
1129,7,310.00,288.00,63.00,104.00,1,-1,-1,-1
1130,7,306.00,284.00,69.00,115.00,1,-1,-1,-1
1131,7,303.00,280.00,77.00,117.00,1,-1,-1,-1
1132,7,306.00,282.00,68.00,111.00,1,-1,-1,-1
1133,7,302.00,274.00,77.00,116.00,1,-1,-1,-1
1134,7,306.00,271.00,69.00,116.00,1,-1,-1,-1
1135,7,300.00,258.00,72.00,125.00,1,-1,-1,-1
1136,7,305.00,255.00,63.00,118.00,1,-1,-1,-1
1137,7,305.00,250.00,70.00,119.00,1,-1,-1,-1
1138,7,305.00,245.00,67.00,109.00,1,-1,-1,-1
1139,7,308.00,244.00,58.00,117.00,1,-1,-1,-1
1140,7,302.00,239.00,68.00,119.00,1,-1,-1,-1
1141,7,295.00,226.00,80.00,123.00,1,-1,-1,-1
1142,7,296.00,224.00,70.00,115.00,1,-1,-1,-1
1143,7,304.00,228.00,67.00,118.00,1,-1,-1,-1
1144,7,291.00,213.00,78.00,127.00,1,-1,-1,-1
1145,7,293.00,228.00,75.00,110.00,1,-1,-1,-1
1145,8,168.00,289.00,88.00,112.00,1,-1,-1,-1
1146,7,298.78,217.00,70.00,121.00,1,-1,-1,-1
1146,8,171.00,280.00,82.00,115.00,1,-1,-1,-1
1147,7,301.00,194.00,63.00,154.00,1,-1,-1,-1
1147,8,173.00,269.00,86.00,132.00,1,-1,-1,-1
1148,7,298.00,194.00,58.00,141.00,1,-1,-1,-1
1148,8,172.00,267.00,88.00,128.00,1,-1,-1,-1
1149,7,295.00,193.00,49.00,119.00,1,-1,-1,-1
1149,8,179.00,292.00,81.00,105.00,1,-1,-1,-1
1150,7,288.00,169.00,63.00,154.00,1,-1,-1,-1
1150,8,168.00,269.00,84.00,112.00,1,-1,-1,-1
1151,7,288.00,191.00,67.00,113.00,1,-1,-1,-1
1151,8,174.00,254.00,88.00,130.00,1,-1,-1,-1
1152,7,295.00,174.00,53.00,130.00,1,-1,-1,-1
1152,8,190.00,256.00,64.00,130.00,1,-1,-1,-1
1153,7,287.00,186.00,68.00,109.00,1,-1,-1,-1
1153,8,184.00,254.00,59.00,132.00,1,-1,-1,-1
1154,7,290.00,164.00,49.00,119.00,1,-1,-1,-1
1154,8,177.00,238.00,75.00,148.00,1,-1,-1,-1
1155,7,295.00,164.00,49.00,119.00,1,-1,-1,-1
1155,8,179.00,229.00,75.00,157.00,1,-1,-1,-1
1156,7,290.00,164.00,49.00,119.00,1,-1,-1,-1
1156,8,179.00,229.00,73.00,144.00,1,-1,-1,-1
1157,7,286.00,172.00,68.00,118.00,1,-1,-1,-1
1157,8,173.00,224.00,69.00,153.00,1,-1,-1,-1
1158,7,286.00,161.00,62.00,117.00,1,-1,-1,-1
1158,8,178.00,224.00,66.00,151.00,1,-1,-1,-1
1159,7,286.00,167.00,45.00,109.00,1,-1,-1,-1
1159,8,172.00,230.00,77.00,152.00,1,-1,-1,-1
1160,7,285.00,160.00,49.00,119.00,1,-1,-1,-1
1160,8,171.00,226.00,75.00,143.00,1,-1,-1,-1
1161,7,289.00,159.00,61.00,120.00,1,-1,-1,-1
1161,8,173.00,209.00,78.00,147.00,1,-1,-1,-1
1162,7,282.00,132.00,63.00,154.00,1,-1,-1,-1
1162,8,189.69,228.41,63.00,154.00,1,-1,-1,-1
1163,7,282.00,132.00,63.00,154.00,1,-1,-1,-1
1163,8,183.54,192.17,63.00,154.00,1,-1,-1,-1
1164,7,287.00,141.00,70.00,130.00,1,-1,-1,-1
1164,8,167.00,207.00,75.00,134.00,1,-1,-1,-1
1165,7,287.00,141.00,57.00,124.00,1,-1,-1,-1
1165,8,169.00,194.00,76.00,153.00,1,-1,-1,-1
1166,7,286.00,137.00,45.00,109.00,1,-1,-1,-1
1166,8,167.00,172.00,82.00,200.00,1,-1,-1,-1
1167,7,286.00,133.00,45.00,109.00,1,-1,-1,-1
1167,8,181.00,185.00,75.00,182.00,1,-1,-1,-1
1168,7,281.00,110.00,58.00,141.00,1,-1,-1,-1
1168,8,167.00,164.00,82.00,200.00,1,-1,-1,-1
1169,7,285.00,119.00,59.00,116.00,1,-1,-1,-1
1169,8,184.00,194.00,63.00,154.00,1,-1,-1,-1
1170,7,285.00,111.00,61.00,111.00,1,-1,-1,-1
1170,8,174.00,171.00,75.00,182.00,1,-1,-1,-1
1171,7,290.00,98.00,49.00,119.00,1,-1,-1,-1
1171,8,175.00,180.00,69.00,169.00,1,-1,-1,-1
1172,7,285.00,91.00,53.00,130.00,1,-1,-1,-1
1172,8,167.00,148.00,82.00,200.00,1,-1,-1,-1
1173,7,285.00,91.00,53.00,130.00,1,-1,-1,-1
1173,8,174.00,164.00,75.00,182.00,1,-1,-1,-1
1174,7,280.00,99.00,66.00,118.00,1,-1,-1,-1
1174,8,167.00,140.00,82.00,200.00,1,-1,-1,-1
1175,7,278.00,94.00,70.00,126.00,1,-1,-1,-1
1175,8,171.00,136.00,79.00,176.00,1,-1,-1,-1
1176,7,283.00,85.00,62.00,130.00,1,-1,-1,-1
1176,8,170.00,127.00,81.00,179.00,1,-1,-1,-1
1177,7,276.00,88.00,66.00,126.00,1,-1,-1,-1
1177,8,168.00,135.00,79.00,163.00,1,-1,-1,-1
1178,7,280.00,87.00,66.00,131.00,1,-1,-1,-1
1178,8,166.00,129.00,93.00,161.00,1,-1,-1,-1
1179,7,278.00,72.00,68.00,133.00,1,-1,-1,-1
1179,8,174.00,129.00,73.00,145.00,1,-1,-1,-1
1180,7,265.00,73.00,77.00,133.00,1,-1,-1,-1
1180,8,174.00,108.00,71.00,155.00,1,-1,-1,-1
1181,7,263.00,67.00,76.00,122.00,1,-1,-1,-1
1181,8,168.00,122.00,96.00,169.00,1,-1,-1,-1
1182,7,279.00,69.00,58.00,118.00,1,-1,-1,-1
1182,8,173.00,120.00,67.00,153.00,1,-1,-1,-1
1183,7,269.72,55.00,65.28,114.00,1,-1,-1,-1
1183,8,171.00,109.00,67.00,164.00,1,-1,-1,-1
1184,7,270.00,59.00,69.00,112.00,1,-1,-1,-1
1184,8,166.00,103.00,78.00,164.00,1,-1,-1,-1
1185,7,275.00,57.00,57.00,111.00,1,-1,-1,-1
1185,8,166.00,105.00,81.00,152.00,1,-1,-1,-1
1186,7,271.00,55.00,63.00,108.00,1,-1,-1,-1
1186,8,166.00,102.00,85.00,157.00,1,-1,-1,-1
1187,7,267.00,49.00,71.00,115.00,1,-1,-1,-1
1187,8,163.00,90.00,80.00,166.00,1,-1,-1,-1
1188,7,272.00,48.00,63.00,115.00,1,-1,-1,-1
1188,8,168.00,92.00,82.00,154.00,1,-1,-1,-1
1189,7,271.00,36.00,79.00,124.00,1,-1,-1,-1
1189,8,172.00,87.00,68.00,161.00,1,-1,-1,-1
1190,7,274.00,36.00,66.00,129.00,1,-1,-1,-1
1190,8,156.00,75.00,97.00,180.00,1,-1,-1,-1
1191,7,269.00,31.00,68.00,128.00,1,-1,-1,-1
1191,8,163.00,72.00,70.00,157.00,1,-1,-1,-1
1192,7,268.00,27.00,72.00,136.00,1,-1,-1,-1
1192,8,178.00,74.00,65.00,146.00,1,-1,-1,-1
1193,7,268.00,23.00,66.00,144.00,1,-1,-1,-1
1193,8,166.00,72.00,77.00,137.00,1,-1,-1,-1
1194,7,275.00,12.00,60.00,143.00,1,-1,-1,-1
1194,8,166.00,64.00,78.00,152.00,1,-1,-1,-1
1195,7,268.00,20.00,69.00,132.00,1,-1,-1,-1
1195,8,160.00,55.00,74.00,151.00,1,-1,-1,-1
1196,7,268.00,16.00,72.00,120.00,1,-1,-1,-1
1196,8,166.00,47.00,61.00,142.00,1,-1,-1,-1
1197,7,274.00,18.00,66.00,112.00,1,-1,-1,-1
1197,8,169.00,54.00,67.00,135.00,1,-1,-1,-1
1198,7,270.00,9.00,63.00,108.00,1,-1,-1,-1
1198,8,166.00,49.00,68.00,134.00,1,-1,-1,-1
1199,7,273.00,1.00,62.00,108.00,1,-1,-1,-1
1199,8,158.00,49.00,93.00,165.00,1,-1,-1,-1
1200,7,275.00,1.00,62.00,112.00,1,-1,-1,-1
1200,8,165.00,42.00,75.00,162.00,1,-1,-1,-1
1201,7,266.00,1.00,78.00,108.00,1,-1,-1,-1
1201,8,161.00,31.00,67.00,146.00,1,-1,-1,-1
1202,7,270.00,1.00,74.00,105.00,1,-1,-1,-1
1202,8,169.00,36.00,71.00,145.00,1,-1,-1,-1
1203,7,277.00,1.00,54.00,101.00,1,-1,-1,-1
1203,8,168.00,29.00,76.00,160.00,1,-1,-1,-1
1204,7,271.00,1.00,64.00,99.00,1,-1,-1,-1
1204,8,171.00,25.00,65.00,145.00,1,-1,-1,-1
1205,7,276.00,1.00,62.00,102.00,1,-1,-1,-1
1205,8,169.00,25.00,73.00,141.00,1,-1,-1,-1
1206,7,270.00,1.00,76.00,102.00,1,-1,-1,-1
1206,8,170.00,11.00,60.00,152.00,1,-1,-1,-1
1207,8,161.00,10.00,70.00,150.00,1,-1,-1,-1
1208,8,164.00,12.00,65.00,133.00,1,-1,-1,-1
1209,8,169.00,15.00,64.00,137.00,1,-1,-1,-1
1210,8,164.00,14.00,70.00,120.00,1,-1,-1,-1
1211,8,166.00,14.00,71.00,121.00,1,-1,-1,-1
1212,8,173.00,19.00,75.00,120.00,1,-1,-1,-1
1213,8,168.00,16.00,60.00,121.00,1,-1,-1,-1
1214,8,165.00,15.00,65.00,107.00,1,-1,-1,-1
1215,8,166.00,11.00,70.00,111.00,1,-1,-1,-1
1216,8,164.00,5.00,70.00,119.00,1,-1,-1,-1
1217,8,166.00,15.00,80.00,109.00,1,-1,-1,-1
1218,8,170.00,20.00,69.00,106.00,1,-1,-1,-1
1412,10,201.00,342.00,38.00,59.00,1,-1,-1,-1
1413,10,200.24,338.98,37.86,58.54,1,-1,-1,-1
1414,9,239.00,313.00,78.00,88.00,1,-1,-1,-1
1414,10,199.32,336.11,38.19,58.81,1,-1,-1,-1
1415,9,244.00,319.00,73.00,76.00,1,-1,-1,-1
1415,10,198.23,333.18,39.23,59.74,1,-1,-1,-1
1416,9,249.00,316.00,61.00,83.00,1,-1,-1,-1
1416,10,197.58,330.06,39.33,59.80,1,-1,-1,-1
1417,9,247.00,318.00,65.00,74.00,1,-1,-1,-1
1417,10,196.83,326.47,39.49,60.13,1,-1,-1,-1
1418,9,242.00,312.00,63.00,80.00,1,-1,-1,-1
1418,10,196.04,322.60,39.73,60.74,1,-1,-1,-1
1419,9,241.77,307.83,63.29,80.23,1,-1,-1,-1
1419,10,194.17,318.39,42.10,63.35,1,-1,-1,-1
1420,9,241.36,303.30,63.57,80.21,1,-1,-1,-1
1420,10,191.93,314.06,45.33,66.71,1,-1,-1,-1
1421,9,241.39,298.76,63.68,80.40,1,-1,-1,-1
1421,10,190.11,310.19,47.57,69.00,1,-1,-1,-1
1422,9,240.96,293.98,64.88,81.82,1,-1,-1,-1
1422,10,188.74,306.73,49.19,70.82,1,-1,-1,-1
1423,9,240.51,289.66,65.65,82.81,1,-1,-1,-1
1423,10,187.48,303.87,50.50,72.18,1,-1,-1,-1
1424,9,240.50,286.01,65.54,82.93,1,-1,-1,-1
1424,10,186.02,300.93,52.28,74.17,1,-1,-1,-1
1425,9,240.66,282.35,65.35,82.78,1,-1,-1,-1
1425,10,185.09,310.40,52.49,62.64,1,-1,-1,-1
1426,9,240.38,278.66,65.61,83.09,1,-1,-1,-1
1426,10,183.58,306.30,54.00,66.16,1,-1,-1,-1
1427,9,239.99,274.82,66.00,83.49,1,-1,-1,-1
1427,10,182.32,304.93,49.79,65.95,1,-1,-1,-1
1428,9,239.09,270.75,67.10,84.57,1,-1,-1,-1
1428,10,181.50,299.46,54.72,69.82,1,-1,-1,-1
1429,9,238.57,266.93,67.60,85.15,1,-1,-1,-1
1429,10,180.92,293.99,54.61,72.02,1,-1,-1,-1
1430,9,237.93,262.68,68.46,86.12,1,-1,-1,-1
1430,10,180.62,289.21,48.76,74.69,1,-1,-1,-1
1431,9,237.23,258.61,69.19,87.05,1,-1,-1,-1
1431,10,180.51,290.57,48.86,69.64,1,-1,-1,-1
1432,9,236.65,254.44,69.80,87.91,1,-1,-1,-1
1432,10,180.30,294.68,54.54,61.77,1,-1,-1,-1
1433,9,236.26,250.06,70.18,88.48,1,-1,-1,-1
1433,10,189.03,285.79,47.18,64.27,1,-1,-1,-1
1434,9,236.00,245.58,70.19,88.76,1,-1,-1,-1
1434,10,184.25,281.00,49.23,71.79,1,-1,-1,-1
1435,9,236.00,241.55,69.50,88.19,1,-1,-1,-1
1435,10,187.67,289.21,38.97,60.17,1,-1,-1,-1
1436,9,235.30,236.73,70.27,88.95,1,-1,-1,-1
1436,10,186.30,273.48,48.55,76.58,1,-1,-1,-1
1437,9,234.78,232.54,70.38,89.24,1,-1,-1,-1
1437,10,184.93,272.79,46.50,74.53,1,-1,-1,-1
1438,9,234.26,228.43,70.46,89.40,1,-1,-1,-1
1438,10,189.03,274.85,42.39,64.27,1,-1,-1,-1
1439,9,233.92,224.41,70.74,89.82,1,-1,-1,-1
1439,10,186.98,261.85,48.55,77.95,1,-1,-1,-1
1440,9,233.31,220.13,71.87,91.09,1,-1,-1,-1
1440,10,193.82,268.69,34.19,60.17,1,-1,-1,-1
1441,9,232.53,215.76,73.58,93.15,1,-1,-1,-1
1441,10,189.03,260.49,45.13,70.43,1,-1,-1,-1
1442,9,232.35,211.84,73.69,93.31,1,-1,-1,-1
1442,10,183.56,250.91,54.70,84.10,1,-1,-1,-1
1443,9,231.65,207.45,75.44,95.42,1,-1,-1,-1
1443,10,193.14,247.50,42.39,80.00,1,-1,-1,-1
1444,9,236.21,202.71,71.65,99.48,1,-1,-1,-1
1444,10,186.98,248.86,46.50,78.63,1,-1,-1,-1
1445,9,238.95,198.13,71.03,102.02,1,-1,-1,-1
1445,10,187.67,247.50,43.76,79.32,1,-1,-1,-1
1446,9,238.26,193.73,73.00,100.00,1,-1,-1,-1
1446,10,191.00,245.00,46.00,70.00,1,-1,-1,-1
1447,9,236.21,189.83,76.77,108.94,1,-1,-1,-1
1447,10,191.00,235.00,42.00,73.00,1,-1,-1,-1
1448,9,228.57,185.90,86.80,109.38,1,-1,-1,-1
1448,10,193.00,236.00,45.00,73.00,1,-1,-1,-1
1449,9,228.33,181.73,88.00,111.00,1,-1,-1,-1
1449,10,188.00,232.00,42.00,70.00,1,-1,-1,-1
1450,9,228.59,178.06,88.34,111.45,1,-1,-1,-1
1450,10,189.56,226.63,45.19,68.75,1,-1,-1,-1
1451,9,238.79,172.93,87.00,110.00,1,-1,-1,-1
1451,10,190.12,223.25,45.37,69.50,1,-1,-1,-1
1452,9,242.37,170.39,73.28,107.19,1,-1,-1,-1
1452,10,190.69,219.88,45.56,70.25,1,-1,-1,-1
1453,9,243.74,166.25,72.75,106.55,1,-1,-1,-1
1453,10,191.25,216.50,45.75,71.00,1,-1,-1,-1
1454,9,249.21,162.08,67.23,107.98,1,-1,-1,-1
1454,10,191.81,213.13,45.94,71.75,1,-1,-1,-1
1455,9,241.68,158.24,75.64,109.09,1,-1,-1,-1
1455,10,192.37,209.75,46.12,72.50,1,-1,-1,-1
1456,9,244.42,153.97,73.00,110.00,1,-1,-1,-1
1456,10,192.94,206.38,46.00,73.00,1,-1,-1,-1
1457,9,243.74,150.24,74.99,108.88,1,-1,-1,-1
1457,10,193.50,203.00,46.50,74.00,1,-1,-1,-1
1458,9,244.42,146.35,75.08,114.82,1,-1,-1,-1
1458,10,194.06,199.63,46.69,74.75,1,-1,-1,-1
1459,9,248.52,142.73,71.56,109.55,1,-1,-1,-1
1459,10,194.62,196.25,46.87,75.50,1,-1,-1,-1
1460,9,246.47,142.20,60.85,108.72,1,-1,-1,-1
1460,10,195.19,192.88,47.06,76.25,1,-1,-1,-1
1461,9,245.79,142.20,67.69,107.35,1,-1,-1,-1
1461,10,195.75,189.50,47.25,77.00,1,-1,-1,-1
1462,9,242.37,131.94,68.38,116.92,1,-1,-1,-1
1462,10,196.31,186.13,47.44,77.75,1,-1,-1,-1
1463,9,238.95,133.99,73.85,111.45,1,-1,-1,-1
1463,10,196.87,182.75,47.62,78.50,1,-1,-1,-1
1464,9,239.63,125.10,72.48,115.56,1,-1,-1,-1
1464,10,197.44,179.38,47.81,79.25,1,-1,-1,-1
1465,9,240.32,122.37,70.43,117.61,1,-1,-1,-1
1465,10,198.00,176.00,48.00,80.00,1,-1,-1,-1
1466,9,238.95,117.58,69.00,123.00,1,-1,-1,-1
1466,10,196.00,170.00,49.00,87.00,1,-1,-1,-1
1467,9,238.26,124.42,75.21,111.45,1,-1,-1,-1
1467,10,195.83,165.28,49.11,86.17,1,-1,-1,-1
1468,9,235.53,111.43,77.26,115.56,1,-1,-1,-1
1468,10,195.67,160.56,49.22,85.33,1,-1,-1,-1
1469,9,242.37,100.97,62.22,120.54,1,-1,-1,-1
1469,10,195.50,155.83,49.33,84.50,1,-1,-1,-1
1470,9,239.00,110.00,53.00,98.00,1,-1,-1,-1
1470,10,195.33,151.11,49.44,83.67,1,-1,-1,-1
1471,9,245.00,103.00,57.00,96.00,1,-1,-1,-1
1471,10,195.17,146.39,49.56,82.83,1,-1,-1,-1
1472,9,244.43,99.43,57.74,96.71,1,-1,-1,-1
1472,10,195.00,141.67,49.67,82.00,1,-1,-1,-1
1473,9,243.50,95.60,59.07,98.78,1,-1,-1,-1
1473,10,194.83,136.94,49.78,81.17,1,-1,-1,-1
1474,9,242.74,91.86,60.24,100.47,1,-1,-1,-1
1474,10,194.67,132.22,49.89,80.33,1,-1,-1,-1
1475,9,241.96,88.01,61.80,102.64,1,-1,-1,-1
1475,10,194.50,127.50,50.00,79.50,1,-1,-1,-1
1476,9,240.95,84.19,63.53,105.36,1,-1,-1,-1
1476,10,194.33,122.78,50.11,78.67,1,-1,-1,-1
1477,9,240.21,80.56,64.69,107.63,1,-1,-1,-1
1477,10,194.17,118.06,50.22,77.83,1,-1,-1,-1
1478,9,239.95,76.81,65.24,109.35,1,-1,-1,-1
1478,10,194.00,113.33,50.33,77.00,1,-1,-1,-1
1479,9,239.65,73.12,65.81,110.83,1,-1,-1,-1
1479,10,193.83,108.61,50.44,76.17,1,-1,-1,-1
1480,9,238.73,68.82,67.66,113.11,1,-1,-1,-1
1480,10,193.67,103.89,50.56,75.33,1,-1,-1,-1
1481,9,238.16,64.54,68.57,113.08,1,-1,-1,-1
1481,10,193.50,99.17,50.67,74.50,1,-1,-1,-1
1482,9,237.63,60.30,69.38,112.74,1,-1,-1,-1
1482,10,193.33,94.44,50.78,73.67,1,-1,-1,-1
1483,9,235.93,55.57,72.30,116.77,1,-1,-1,-1
1483,10,193.17,89.72,50.89,72.83,1,-1,-1,-1
1484,9,234.23,50.85,75.11,120.37,1,-1,-1,-1
1484,10,193.00,85.00,51.00,72.00,1,-1,-1,-1
1485,9,233.06,46.69,76.88,122.39,1,-1,-1,-1
1485,10,193.33,79.33,50.67,71.67,1,-1,-1,-1
1486,9,231.73,42.45,79.03,125.43,1,-1,-1,-1
1486,10,193.67,73.67,50.33,71.33,1,-1,-1,-1
1487,9,229.98,38.09,81.67,129.38,1,-1,-1,-1
1487,10,194.00,68.00,50.00,71.00,1,-1,-1,-1
1488,9,241.68,33.67,70.35,126.99,1,-1,-1,-1
1488,10,194.33,62.33,49.67,70.67,1,-1,-1,-1
1489,9,250.57,29.26,62.51,123.88,1,-1,-1,-1
1489,10,194.67,56.67,49.33,70.33,1,-1,-1,-1
1490,9,245.10,24.92,69.10,130.26,1,-1,-1,-1
1490,10,195.00,51.00,49.00,70.00,1,-1,-1,-1
1491,9,238.26,20.76,77.23,138.53,1,-1,-1,-1
1491,10,195.33,45.33,48.67,69.67,1,-1,-1,-1
1492,9,245.10,16.53,71.63,142.08,1,-1,-1,-1
1492,10,195.67,39.67,48.33,69.33,1,-1,-1,-1
1493,9,243.74,12.70,73.53,139.07,1,-1,-1,-1
1493,10,196.00,34.00,48.00,69.00,1,-1,-1,-1
1494,9,237.58,8.66,80.20,143.79,1,-1,-1,-1
1494,10,195.86,30.57,47.00,68.86,1,-1,-1,-1
1495,9,235.53,4.77,83.11,138.11,1,-1,-1,-1
1495,10,195.71,27.14,46.00,68.71,1,-1,-1,-1
1496,9,240.32,1.00,77.80,139.83,1,-1,-1,-1
1496,10,195.57,23.71,45.00,68.57,1,-1,-1,-1
1497,9,243.05,1.00,75.96,131.62,1,-1,-1,-1
1497,10,195.43,20.29,44.00,68.43,1,-1,-1,-1
1498,9,240.32,1.00,79.38,124.79,1,-1,-1,-1
1498,10,195.29,16.86,43.00,68.29,1,-1,-1,-1
1499,9,238.95,1.00,82.50,129.57,1,-1,-1,-1
1499,10,195.14,13.43,42.00,68.14,1,-1,-1,-1
1500,9,244.42,1.00,77.79,113.85,1,-1,-1,-1
1500,10,195.00,10.00,41.00,68.00,1,-1,-1,-1
1501,9,243.74,1.00,80.27,109.06,1,-1,-1,-1
1501,10,194.67,7.00,41.00,62.33,1,-1,-1,-1
1502,9,243.74,1.00,81.19,101.54,1,-1,-1,-1
1502,10,194.33,4.00,41.00,56.67,1,-1,-1,-1
1503,9,236.90,1.00,89.09,102.91,1,-1,-1,-1
1503,10,194.00,1.00,41.00,51.00,1,-1,-1,-1
1504,9,243.74,1.00,84.34,93.33,1,-1,-1,-1
1505,9,245.10,1.00,84.10,94.70,1,-1,-1,-1
1506,9,242.37,1.00,88.01,91.28,1,-1,-1,-1
1507,9,239.63,1.00,60.85,80.34,1,-1,-1,-1
1651,11,277.00,337.00,68.00,64.00,1,-1,-1,-1
1652,11,275.00,332.00,71.00,69.00,1,-1,-1,-1
1653,11,275.00,327.00,67.00,74.00,1,-1,-1,-1
1654,11,274.15,322.46,68.00,76.62,1,-1,-1,-1
1655,11,273.31,317.92,69.00,79.23,1,-1,-1,-1
1656,11,272.46,313.38,70.00,81.85,1,-1,-1,-1
1657,11,271.62,308.85,71.00,84.46,1,-1,-1,-1
1658,11,270.77,304.31,72.00,87.08,1,-1,-1,-1
1659,11,269.92,299.77,73.00,89.69,1,-1,-1,-1
1660,11,269.08,295.23,74.00,92.31,1,-1,-1,-1
1661,11,268.23,290.69,75.00,94.92,1,-1,-1,-1
1662,11,267.38,286.15,76.00,97.54,1,-1,-1,-1
1663,11,266.54,281.62,77.00,100.15,1,-1,-1,-1
1664,11,265.69,277.08,78.00,102.77,1,-1,-1,-1
1665,11,264.85,272.54,79.00,105.38,1,-1,-1,-1
1666,11,264.00,268.00,80.00,108.00,1,-1,-1,-1
1667,11,264.67,263.92,78.25,109.92,1,-1,-1,-1
1668,11,265.33,259.83,76.50,111.83,1,-1,-1,-1
1669,11,266.00,255.75,74.75,113.75,1,-1,-1,-1
1670,11,266.67,251.67,73.00,115.67,1,-1,-1,-1
1671,11,267.33,247.58,71.25,117.58,1,-1,-1,-1
1672,11,268.00,243.50,69.50,119.50,1,-1,-1,-1
1673,11,268.67,239.42,67.75,121.42,1,-1,-1,-1
1674,11,269.33,235.33,66.00,123.33,1,-1,-1,-1
1675,11,270.00,231.25,64.25,125.25,1,-1,-1,-1
1676,11,270.67,227.17,62.50,127.17,1,-1,-1,-1
1677,11,271.33,223.08,60.75,129.08,1,-1,-1,-1
1678,11,272.00,219.00,59.00,131.00,1,-1,-1,-1
1679,11,270.50,214.00,59.80,129.80,1,-1,-1,-1
1680,11,269.00,209.00,60.60,128.60,1,-1,-1,-1
1681,11,267.50,204.00,61.40,127.40,1,-1,-1,-1
1682,11,266.00,199.00,62.20,126.20,1,-1,-1,-1
1683,11,264.50,194.00,63.00,125.00,1,-1,-1,-1
1684,11,263.00,189.00,63.80,123.80,1,-1,-1,-1
1685,11,261.50,184.00,64.60,122.60,1,-1,-1,-1
1686,11,260.00,179.00,65.40,121.40,1,-1,-1,-1
1687,11,258.50,174.00,66.20,120.20,1,-1,-1,-1
1688,11,257.00,169.00,67.00,119.00,1,-1,-1,-1
1689,11,257.33,164.27,66.80,119.93,1,-1,-1,-1
1690,11,257.67,159.53,66.60,120.87,1,-1,-1,-1
1691,11,258.00,154.80,66.40,121.80,1,-1,-1,-1
1692,11,258.33,150.07,66.20,122.73,1,-1,-1,-1
1693,11,258.67,145.33,66.00,123.67,1,-1,-1,-1
1694,11,259.00,140.60,65.80,124.60,1,-1,-1,-1
1695,11,259.33,135.87,65.60,125.53,1,-1,-1,-1
1696,11,259.67,131.13,65.40,126.47,1,-1,-1,-1
1697,11,260.00,126.40,65.20,127.40,1,-1,-1,-1
1698,11,260.33,121.67,65.00,128.33,1,-1,-1,-1
1699,11,260.67,116.93,64.80,129.27,1,-1,-1,-1
1700,11,261.00,112.20,64.60,130.20,1,-1,-1,-1
1701,11,261.33,107.47,64.40,131.13,1,-1,-1,-1
1702,11,261.67,102.73,64.20,132.07,1,-1,-1,-1
1703,11,262.00,98.00,64.00,133.00,1,-1,-1,-1
1704,11,261.39,94.22,64.06,132.67,1,-1,-1,-1
1705,11,260.78,90.44,64.00,132.00,1,-1,-1,-1
1705,12,251.00,340.00,92.00,61.00,1,-1,-1,-1
1706,11,260.17,86.67,64.00,131.00,1,-1,-1,-1
1706,12,249.00,342.00,95.00,59.00,1,-1,-1,-1
1707,11,259.56,82.89,64.22,131.67,1,-1,-1,-1
1707,12,248.06,338.06,94.28,61.44,1,-1,-1,-1
1708,11,258.94,79.11,64.28,131.33,1,-1,-1,-1
1708,12,247.11,334.11,93.56,63.89,1,-1,-1,-1
1709,11,258.33,75.33,64.33,131.00,1,-1,-1,-1
1709,12,246.17,330.17,92.83,66.33,1,-1,-1,-1
1710,11,257.72,71.56,64.39,130.67,1,-1,-1,-1
1710,12,245.22,326.22,92.11,68.78,1,-1,-1,-1
1711,11,257.11,67.78,64.44,130.33,1,-1,-1,-1
1711,12,244.28,322.28,91.39,71.22,1,-1,-1,-1
1712,11,256.50,64.00,64.50,130.00,1,-1,-1,-1
1712,12,243.33,318.33,90.67,73.67,1,-1,-1,-1
1713,11,255.89,60.22,64.56,129.67,1,-1,-1,-1
1713,12,242.39,314.39,89.94,76.11,1,-1,-1,-1
1714,11,255.28,56.44,64.61,129.33,1,-1,-1,-1
1714,12,241.44,310.44,89.22,78.56,1,-1,-1,-1
1715,11,254.67,52.67,64.67,129.00,1,-1,-1,-1
1715,12,240.50,306.50,88.50,81.00,1,-1,-1,-1
1716,11,254.06,48.89,64.72,128.67,1,-1,-1,-1
1716,12,239.56,302.56,87.78,83.44,1,-1,-1,-1
1717,11,253.44,45.11,64.78,128.33,1,-1,-1,-1
1717,12,238.61,298.61,87.06,85.89,1,-1,-1,-1
1718,11,252.83,41.33,64.83,128.00,1,-1,-1,-1
1718,12,237.67,294.67,86.33,88.33,1,-1,-1,-1
1719,11,252.22,37.56,64.89,127.67,1,-1,-1,-1
1719,12,236.72,290.72,85.61,90.78,1,-1,-1,-1
1720,11,251.61,33.78,64.94,127.33,1,-1,-1,-1
1720,12,235.78,286.78,84.89,93.22,1,-1,-1,-1
1721,11,251.00,30.00,65.00,127.00,1,-1,-1,-1
1721,12,234.83,282.83,84.17,95.67,1,-1,-1,-1
1722,11,251.15,27.77,65.00,124.08,1,-1,-1,-1
1722,12,233.89,278.89,83.44,98.11,1,-1,-1,-1
1723,11,251.31,25.54,65.00,121.15,1,-1,-1,-1
1723,12,232.94,274.94,82.72,100.56,1,-1,-1,-1
1724,11,251.46,23.31,65.00,118.23,1,-1,-1,-1
1724,12,232.00,271.00,82.00,103.00,1,-1,-1,-1
1725,11,251.62,21.08,65.00,115.31,1,-1,-1,-1
1725,12,231.23,267.00,82.09,103.23,1,-1,-1,-1
1726,11,251.77,18.85,65.00,112.38,1,-1,-1,-1
1726,12,230.45,263.00,82.18,103.45,1,-1,-1,-1
1727,11,251.92,16.62,65.00,109.46,1,-1,-1,-1
1727,12,229.68,259.00,82.27,103.68,1,-1,-1,-1
1728,11,252.08,14.38,65.00,106.54,1,-1,-1,-1
1728,12,228.91,255.00,82.36,103.91,1,-1,-1,-1
1729,11,252.23,12.15,65.00,103.62,1,-1,-1,-1
1729,12,228.14,251.00,82.45,104.14,1,-1,-1,-1
1730,11,252.38,9.92,65.00,100.69,1,-1,-1,-1
1730,12,227.36,247.00,82.55,104.36,1,-1,-1,-1
1731,11,252.54,7.69,65.00,97.00,1,-1,-1,-1
1731,12,226.59,243.00,82.00,104.00,1,-1,-1,-1
1732,11,252.69,5.46,65.00,94.85,1,-1,-1,-1
1732,12,225.82,239.00,82.73,104.82,1,-1,-1,-1
1733,11,252.85,3.23,65.00,91.92,1,-1,-1,-1
1733,12,225.05,235.00,82.82,105.05,1,-1,-1,-1
1734,11,253.00,1.00,65.00,89.00,1,-1,-1,-1
1734,12,224.27,231.00,82.91,105.27,1,-1,-1,-1
1735,11,252.30,1.00,64.80,86.40,1,-1,-1,-1
1735,12,223.50,227.00,83.00,105.50,1,-1,-1,-1
1736,11,251.60,1.00,64.60,83.80,1,-1,-1,-1
1736,12,222.73,223.00,83.09,105.73,1,-1,-1,-1
1737,11,250.90,1.00,64.40,81.20,1,-1,-1,-1
1737,12,221.95,219.00,83.18,105.95,1,-1,-1,-1
1738,11,250.20,1.00,64.20,78.60,1,-1,-1,-1
1738,12,221.18,215.00,83.27,106.18,1,-1,-1,-1
1739,11,249.50,1.00,64.00,76.00,1,-1,-1,-1
1739,12,220.41,211.00,83.36,106.41,1,-1,-1,-1
1740,11,248.80,1.00,63.80,73.40,1,-1,-1,-1
1740,12,219.64,207.00,83.45,106.64,1,-1,-1,-1
1741,11,248.10,1.00,63.60,70.80,1,-1,-1,-1
1741,12,218.86,203.00,83.55,106.86,1,-1,-1,-1
1742,11,247.40,1.00,63.40,68.20,1,-1,-1,-1
1742,12,218.09,199.00,83.64,107.09,1,-1,-1,-1
1743,11,246.70,1.00,63.20,65.60,1,-1,-1,-1
1743,12,217.32,195.00,83.73,107.32,1,-1,-1,-1
1744,11,246.00,1.00,63.00,63.00,1,-1,-1,-1
1744,12,216.55,191.00,83.82,107.55,1,-1,-1,-1
1745,12,215.77,187.00,83.91,107.77,1,-1,-1,-1
1746,12,215.00,183.00,84.00,108.00,1,-1,-1,-1
1747,12,214.73,179.73,82.73,108.18,1,-1,-1,-1
1748,12,214.45,176.45,81.45,108.36,1,-1,-1,-1
1748,13,92.00,1.00,73.00,97.00,1,-1,-1,-1
1749,12,214.18,173.18,80.18,108.55,1,-1,-1,-1
1749,13,91.26,3.47,73.32,97.84,1,-1,-1,-1
1750,12,213.91,169.91,78.91,108.73,1,-1,-1,-1
1750,13,90.53,5.95,73.63,98.68,1,-1,-1,-1
1751,12,213.64,166.64,77.64,108.91,1,-1,-1,-1
1751,13,89.79,8.42,73.95,99.53,1,-1,-1,-1
1752,12,213.36,163.36,76.36,109.09,1,-1,-1,-1
1752,13,89.05,10.89,74.26,100.37,1,-1,-1,-1
1753,12,213.09,160.09,75.09,109.27,1,-1,-1,-1
1753,13,88.32,13.37,74.58,101.21,1,-1,-1,-1
1754,12,212.82,156.82,73.82,109.45,1,-1,-1,-1
1754,13,87.58,15.84,74.89,102.05,1,-1,-1,-1
1755,12,212.55,153.55,72.55,109.64,1,-1,-1,-1
1755,13,86.84,18.32,75.21,102.89,1,-1,-1,-1
1756,12,212.27,150.27,71.27,109.82,1,-1,-1,-1
1756,13,86.11,20.79,75.53,103.74,1,-1,-1,-1
1757,12,212.00,147.00,70.00,110.00,1,-1,-1,-1
1757,13,85.37,23.26,75.84,104.58,1,-1,-1,-1
1758,12,210.71,142.88,71.53,111.65,1,-1,-1,-1
1758,13,84.63,25.74,76.16,105.42,1,-1,-1,-1
1759,12,209.41,138.76,73.06,113.29,1,-1,-1,-1
1759,13,83.89,28.21,76.47,106.26,1,-1,-1,-1
1760,12,208.12,134.65,74.59,114.94,1,-1,-1,-1
1760,13,83.16,30.68,76.79,107.11,1,-1,-1,-1
1761,12,206.82,130.53,76.12,116.59,1,-1,-1,-1
1761,13,82.42,33.16,77.11,107.95,1,-1,-1,-1
1762,12,205.53,126.41,77.65,118.24,1,-1,-1,-1
1762,13,81.68,35.63,77.42,108.79,1,-1,-1,-1
1763,12,204.24,122.29,79.18,119.88,1,-1,-1,-1
1763,13,80.95,38.11,77.74,109.63,1,-1,-1,-1
1764,12,202.94,118.18,80.71,121.53,1,-1,-1,-1
1764,13,80.21,40.58,78.05,110.47,1,-1,-1,-1
1765,12,201.65,114.06,82.24,123.18,1,-1,-1,-1
1765,13,79.47,43.05,78.37,111.32,1,-1,-1,-1
1766,12,200.35,109.94,83.76,124.82,1,-1,-1,-1
1766,13,78.74,45.53,78.68,112.16,1,-1,-1,-1
1767,12,199.06,105.82,85.29,126.47,1,-1,-1,-1
1767,13,78.00,48.00,79.00,113.00,1,-1,-1,-1
1768,12,197.76,101.71,86.82,128.12,1,-1,-1,-1
1768,13,77.36,52.64,78.91,113.36,1,-1,-1,-1
1769,12,196.47,97.59,88.35,129.76,1,-1,-1,-1
1769,13,76.73,57.27,78.82,113.73,1,-1,-1,-1
1770,12,195.18,93.47,89.88,131.41,1,-1,-1,-1
1770,13,76.09,61.91,78.73,114.09,1,-1,-1,-1
1771,12,193.88,89.35,91.41,133.06,1,-1,-1,-1
1771,13,75.45,66.55,78.64,114.45,1,-1,-1,-1
1772,12,192.59,85.24,92.94,134.71,1,-1,-1,-1
1772,13,74.82,71.18,78.55,114.82,1,-1,-1,-1
1773,12,191.29,81.12,94.47,136.35,1,-1,-1,-1
1773,13,74.18,75.82,78.45,115.18,1,-1,-1,-1
1774,12,190.00,77.00,96.00,138.00,1,-1,-1,-1
1774,13,73.55,80.45,78.36,115.55,1,-1,-1,-1
1775,12,190.45,73.55,93.09,135.73,1,-1,-1,-1
1775,13,72.91,85.09,78.27,115.91,1,-1,-1,-1
1776,12,190.91,70.09,90.00,133.00,1,-1,-1,-1
1776,13,72.27,89.73,78.00,116.00,1,-1,-1,-1
1776,15,348.00,293.00,53.00,108.00,1,-1,-1,-1
1777,12,191.36,66.64,87.27,131.18,1,-1,-1,-1
1777,13,71.64,94.36,78.09,116.64,1,-1,-1,-1
1777,15,348.22,289.00,52.78,108.78,1,-1,-1,-1
1778,12,191.82,63.18,84.36,128.91,1,-1,-1,-1
1778,13,71.00,99.00,78.00,117.00,1,-1,-1,-1
1778,15,348.44,285.00,52.56,109.56,1,-1,-1,-1
1779,12,192.27,59.73,81.45,126.64,1,-1,-1,-1
1779,13,70.57,103.07,78.00,118.07,1,-1,-1,-1
1779,15,348.67,281.00,52.33,110.33,1,-1,-1,-1
1780,12,192.73,56.27,78.55,124.36,1,-1,-1,-1
1780,13,70.14,107.14,78.00,119.14,1,-1,-1,-1
1780,15,348.89,277.00,52.11,111.11,1,-1,-1,-1
1781,12,193.18,52.82,75.64,122.09,1,-1,-1,-1
1781,13,69.71,111.21,78.00,120.21,1,-1,-1,-1
1781,15,349.11,273.00,51.89,111.89,1,-1,-1,-1
1782,12,193.64,49.36,72.73,119.82,1,-1,-1,-1
1782,13,69.29,115.29,78.00,121.29,1,-1,-1,-1
1782,15,349.33,269.00,51.67,112.67,1,-1,-1,-1
1783,12,194.09,45.91,69.00,117.00,1,-1,-1,-1
1783,13,68.86,119.36,78.00,122.00,1,-1,-1,-1
1783,14,222.00,297.00,75.00,104.00,1,-1,-1,-1
1783,15,349.56,265.00,51.44,113.44,1,-1,-1,-1
1784,12,194.55,42.45,66.00,115.00,1,-1,-1,-1
1784,13,68.43,123.43,78.00,123.00,1,-1,-1,-1
1784,14,221.00,286.00,82.00,113.00,1,-1,-1,-1
1784,15,349.78,261.00,51.22,114.22,1,-1,-1,-1
1785,12,195.00,39.00,64.00,113.00,1,-1,-1,-1
1785,13,68.00,127.50,78.00,124.50,1,-1,-1,-1
1785,14,222.25,281.50,80.75,114.25,1,-1,-1,-1
1785,15,350.00,257.00,51.00,115.00,1,-1,-1,-1
1786,12,193.71,36.29,64.29,111.29,1,-1,-1,-1
1786,13,67.57,131.57,78.00,125.57,1,-1,-1,-1
1786,14,223.50,277.00,79.50,115.50,1,-1,-1,-1
1786,15,350.22,253.00,50.78,115.78,1,-1,-1,-1
1787,12,192.43,33.57,64.57,109.57,1,-1,-1,-1
1787,13,67.14,135.64,78.00,126.64,1,-1,-1,-1
1787,14,224.75,272.50,78.25,116.75,1,-1,-1,-1
1787,15,350.44,249.00,50.56,116.56,1,-1,-1,-1
1788,12,191.14,30.86,64.86,107.86,1,-1,-1,-1
1788,13,66.71,139.71,78.00,127.71,1,-1,-1,-1
1788,14,226.00,268.00,77.00,118.00,1,-1,-1,-1
1788,15,350.67,245.00,50.33,117.33,1,-1,-1,-1
1789,12,189.86,28.14,65.14,106.14,1,-1,-1,-1
1789,13,66.29,143.79,78.00,128.79,1,-1,-1,-1
1789,14,227.25,263.50,75.75,119.25,1,-1,-1,-1
1789,15,350.89,241.00,50.11,118.11,1,-1,-1,-1
1790,12,188.57,25.43,65.43,104.43,1,-1,-1,-1
1790,13,65.86,147.86,78.00,129.86,1,-1,-1,-1
1790,14,228.50,259.00,74.50,120.50,1,-1,-1,-1
1790,15,351.11,237.00,49.89,118.89,1,-1,-1,-1
1791,12,187.29,22.71,65.71,102.71,1,-1,-1,-1
1791,13,65.43,151.93,78.00,130.93,1,-1,-1,-1
1791,14,229.75,254.50,73.25,121.75,1,-1,-1,-1
1791,15,351.33,233.00,49.67,119.67,1,-1,-1,-1
1792,12,186.00,20.00,66.00,101.00,1,-1,-1,-1
1792,13,65.00,156.00,78.00,132.00,1,-1,-1,-1
1792,14,231.00,250.00,72.00,123.00,1,-1,-1,-1
1792,15,351.56,229.00,49.44,120.44,1,-1,-1,-1
1793,12,184.71,17.29,66.29,99.29,1,-1,-1,-1
1793,13,65.38,160.00,78.19,131.44,1,-1,-1,-1
1793,14,231.33,249.22,72.11,120.89,1,-1,-1,-1
1793,15,351.78,225.00,49.22,121.22,1,-1,-1,-1
1794,12,183.43,14.57,66.57,97.57,1,-1,-1,-1
1794,13,65.75,164.00,78.38,130.87,1,-1,-1,-1
1794,14,231.67,248.44,72.22,118.78,1,-1,-1,-1
1794,15,352.00,221.00,49.00,122.00,1,-1,-1,-1
1795,12,182.14,11.86,66.86,95.86,1,-1,-1,-1
1795,13,66.13,168.00,78.56,130.31,1,-1,-1,-1
1795,14,232.00,247.67,72.33,116.67,1,-1,-1,-1
1795,15,351.49,217.11,49.46,122.06,1,-1,-1,-1
1796,12,180.86,9.14,67.14,94.14,1,-1,-1,-1
1796,13,66.50,172.00,78.75,129.75,1,-1,-1,-1
1796,14,232.33,246.89,72.44,114.56,1,-1,-1,-1
1796,15,350.97,213.23,49.91,122.11,1,-1,-1,-1
1797,12,179.57,6.43,67.43,92.43,1,-1,-1,-1
1797,13,66.88,176.00,78.94,129.19,1,-1,-1,-1
1797,14,232.67,246.11,72.56,112.44,1,-1,-1,-1
1797,15,350.46,209.34,50.37,122.17,1,-1,-1,-1
1798,12,178.29,3.71,67.71,90.71,1,-1,-1,-1
1798,13,67.25,180.00,79.13,128.62,1,-1,-1,-1
1798,14,233.00,245.33,72.67,110.33,1,-1,-1,-1
1798,15,349.94,205.46,50.83,122.23,1,-1,-1,-1
1799,12,177.00,1.00,68.00,89.00,1,-1,-1,-1
1799,13,67.63,184.00,79.31,128.06,1,-1,-1,-1
1799,14,233.33,244.56,72.78,108.22,1,-1,-1,-1
1799,15,349.43,201.57,51.29,122.29,1,-1,-1,-1
1800,12,177.29,1.00,68.57,86.00,1,-1,-1,-1
1800,13,68.00,188.00,79.50,127.50,1,-1,-1,-1
1800,14,233.67,243.78,72.89,106.11,1,-1,-1,-1
1800,15,348.91,197.69,51.74,122.34,1,-1,-1,-1
1801,12,177.57,1.00,69.14,83.00,1,-1,-1,-1
1801,13,68.38,192.00,79.69,126.94,1,-1,-1,-1
1801,14,234.00,243.00,73.00,104.00,1,-1,-1,-1
1801,15,348.40,193.80,52.20,122.40,1,-1,-1,-1
1802,12,177.86,1.00,69.71,80.00,1,-1,-1,-1
1802,13,68.75,196.00,79.88,126.37,1,-1,-1,-1
1802,14,234.04,239.83,72.92,104.04,1,-1,-1,-1
1802,15,347.89,189.91,52.66,122.46,1,-1,-1,-1
1803,12,178.14,1.00,70.29,77.00,1,-1,-1,-1
1803,13,69.13,200.00,80.06,125.81,1,-1,-1,-1
1803,14,234.08,236.67,72.83,104.08,1,-1,-1,-1
1803,15,347.37,186.03,53.11,122.51,1,-1,-1,-1
1804,12,178.43,1.00,70.86,74.00,1,-1,-1,-1
1804,13,69.50,204.00,80.25,125.25,1,-1,-1,-1
1804,14,234.12,233.50,72.75,104.12,1,-1,-1,-1
1804,15,346.86,182.14,53.57,122.57,1,-1,-1,-1
1805,12,178.71,1.00,71.43,71.00,1,-1,-1,-1
1805,13,69.88,208.00,80.44,124.69,1,-1,-1,-1
1805,14,234.17,230.33,72.67,104.17,1,-1,-1,-1
1805,15,346.34,178.26,54.03,122.63,1,-1,-1,-1
1806,12,179.00,1.00,72.00,68.00,1,-1,-1,-1
1806,13,70.25,212.00,80.63,124.12,1,-1,-1,-1
1806,14,234.21,227.17,72.58,104.21,1,-1,-1,-1
1806,15,345.83,174.37,54.49,122.69,1,-1,-1,-1
1807,13,70.63,216.00,80.81,123.56,1,-1,-1,-1
1807,14,234.25,224.00,72.50,104.25,1,-1,-1,-1
1807,15,345.31,170.49,54.94,122.74,1,-1,-1,-1
1808,13,71.00,220.00,81.00,123.00,1,-1,-1,-1
1808,14,234.29,220.83,72.42,104.29,1,-1,-1,-1
1808,15,344.80,166.60,55.40,122.80,1,-1,-1,-1
1809,13,71.92,224.67,81.08,120.75,1,-1,-1,-1
1809,14,234.33,217.67,72.33,104.33,1,-1,-1,-1
1809,15,344.29,162.71,55.86,122.86,1,-1,-1,-1
1810,13,72.83,229.33,81.17,118.50,1,-1,-1,-1
1810,14,234.37,214.50,72.25,104.37,1,-1,-1,-1
1810,15,343.77,158.83,56.31,122.91,1,-1,-1,-1
1811,13,73.75,234.00,81.25,116.25,1,-1,-1,-1
1811,14,234.42,211.33,72.17,104.42,1,-1,-1,-1
1811,15,343.26,154.94,56.77,122.97,1,-1,-1,-1
1812,13,74.67,238.67,81.33,114.00,1,-1,-1,-1
1812,14,234.46,208.17,72.08,104.46,1,-1,-1,-1
1812,15,342.74,151.06,57.23,123.03,1,-1,-1,-1
1813,13,75.58,243.33,81.42,111.75,1,-1,-1,-1
1813,14,234.50,205.00,72.00,104.50,1,-1,-1,-1
1813,15,342.23,147.17,57.69,123.09,1,-1,-1,-1
1814,13,76.50,248.00,81.50,109.50,1,-1,-1,-1
1814,14,234.54,201.83,71.92,104.54,1,-1,-1,-1
1814,15,341.71,143.29,58.14,123.14,1,-1,-1,-1
1815,13,77.42,252.67,81.58,107.25,1,-1,-1,-1
1815,14,234.58,198.67,71.83,104.58,1,-1,-1,-1
1815,15,341.20,139.40,58.60,123.20,1,-1,-1,-1
1816,13,78.33,257.33,81.67,105.00,1,-1,-1,-1
1816,14,234.62,195.50,71.75,104.62,1,-1,-1,-1
1816,15,340.69,135.51,59.06,123.26,1,-1,-1,-1
1817,13,79.25,262.00,81.75,102.75,1,-1,-1,-1
1817,14,234.67,192.33,71.67,104.67,1,-1,-1,-1
1817,15,340.17,131.63,59.51,123.31,1,-1,-1,-1
1818,13,80.17,266.67,81.83,100.50,1,-1,-1,-1
1818,14,234.71,189.17,71.58,104.71,1,-1,-1,-1
1818,15,339.66,127.74,59.97,123.37,1,-1,-1,-1
1819,13,81.08,271.33,81.92,98.25,1,-1,-1,-1
1819,14,234.75,186.00,71.50,104.75,1,-1,-1,-1
1819,15,339.14,123.86,60.43,123.43,1,-1,-1,-1
1820,13,82.00,276.00,82.00,96.00,1,-1,-1,-1
1820,14,234.79,182.83,71.42,104.79,1,-1,-1,-1
1820,15,338.63,119.97,60.89,123.49,1,-1,-1,-1
1821,13,84.25,280.50,81.75,95.13,1,-1,-1,-1
1821,14,234.83,179.67,71.33,104.83,1,-1,-1,-1
1821,15,338.11,116.09,61.34,123.54,1,-1,-1,-1
1822,13,86.50,285.00,81.50,94.25,1,-1,-1,-1
1822,14,234.87,176.50,71.25,104.87,1,-1,-1,-1
1822,15,337.60,112.20,61.80,123.60,1,-1,-1,-1
1823,13,88.75,289.50,81.25,93.38,1,-1,-1,-1
1823,14,234.92,173.33,71.17,104.92,1,-1,-1,-1
1823,15,337.09,108.31,62.26,123.66,1,-1,-1,-1
1824,13,91.00,294.00,81.00,92.50,1,-1,-1,-1
1824,14,234.96,170.17,71.08,104.96,1,-1,-1,-1
1824,15,336.57,104.43,62.71,123.71,1,-1,-1,-1
1825,13,93.25,298.50,80.75,91.63,1,-1,-1,-1
1825,14,235.00,167.00,71.00,105.00,1,-1,-1,-1
1825,15,336.06,100.54,63.17,123.77,1,-1,-1,-1
1826,13,95.50,303.00,80.50,90.75,1,-1,-1,-1
1826,14,235.05,162.89,71.42,105.32,1,-1,-1,-1
1826,15,335.54,96.66,63.63,123.83,1,-1,-1,-1
1827,13,97.75,307.50,80.25,89.88,1,-1,-1,-1
1827,14,235.11,158.79,71.84,105.63,1,-1,-1,-1
1827,15,335.03,92.77,64.09,123.89,1,-1,-1,-1
1828,13,100.00,312.00,80.00,89.00,1,-1,-1,-1
1828,14,235.16,154.68,72.26,105.95,1,-1,-1,-1
1828,15,334.51,88.89,64.54,123.94,1,-1,-1,-1
1829,13,101.86,316.86,80.86,84.14,1,-1,-1,-1
1829,14,235.21,150.58,72.68,106.26,1,-1,-1,-1
1829,15,334.00,85.00,65.00,124.00,1,-1,-1,-1
1830,13,103.71,321.71,81.71,79.29,1,-1,-1,-1
1830,14,235.26,146.47,73.11,106.58,1,-1,-1,-1
1830,15,333.22,80.94,64.94,124.89,1,-1,-1,-1
1831,13,105.57,326.57,82.57,74.43,1,-1,-1,-1
1831,14,235.32,142.37,73.53,106.89,1,-1,-1,-1
1831,15,332.44,76.89,64.89,125.78,1,-1,-1,-1
1832,13,107.43,331.43,83.43,69.57,1,-1,-1,-1
1832,14,235.37,138.26,73.95,107.21,1,-1,-1,-1
1832,15,331.67,72.83,64.83,126.67,1,-1,-1,-1
1833,13,109.29,336.29,84.29,64.71,1,-1,-1,-1
1833,14,235.42,134.16,74.37,107.53,1,-1,-1,-1
1833,15,330.89,68.78,64.78,127.56,1,-1,-1,-1
1834,13,111.14,341.14,85.14,59.86,1,-1,-1,-1
1834,14,235.47,130.05,74.79,107.84,1,-1,-1,-1
1834,15,330.11,64.72,64.72,128.44,1,-1,-1,-1
1835,13,113.00,346.00,86.00,55.00,1,-1,-1,-1
1835,14,235.53,125.95,75.21,108.16,1,-1,-1,-1
1835,15,329.33,60.67,64.67,129.33,1,-1,-1,-1
1836,14,235.58,121.84,75.63,108.47,1,-1,-1,-1
1836,15,328.56,56.61,64.61,130.22,1,-1,-1,-1
1837,14,235.63,117.74,76.05,108.79,1,-1,-1,-1
1837,15,327.78,52.56,64.56,131.11,1,-1,-1,-1
1838,14,235.68,113.63,76.47,109.11,1,-1,-1,-1
1838,15,327.00,48.50,64.50,132.00,1,-1,-1,-1
1839,14,235.74,109.53,76.89,109.42,1,-1,-1,-1
1839,15,326.22,44.44,64.44,132.89,1,-1,-1,-1
1840,14,235.79,105.42,77.32,109.74,1,-1,-1,-1
1840,15,325.44,40.39,64.39,133.78,1,-1,-1,-1
1841,14,235.84,101.32,77.74,110.05,1,-1,-1,-1
1841,15,324.67,36.33,64.33,134.67,1,-1,-1,-1
1842,14,235.89,97.21,78.16,110.37,1,-1,-1,-1
1842,15,323.89,32.28,64.28,135.56,1,-1,-1,-1
1843,14,235.95,93.11,78.58,110.68,1,-1,-1,-1
1843,15,323.11,28.22,64.22,136.44,1,-1,-1,-1
1844,14,236.00,89.00,79.00,111.00,1,-1,-1,-1
1844,15,322.33,24.17,64.17,137.33,1,-1,-1,-1
1845,14,235.67,84.58,77.92,111.25,1,-1,-1,-1
1845,15,321.56,20.11,64.11,138.22,1,-1,-1,-1
1846,14,235.33,80.17,76.83,111.50,1,-1,-1,-1
1846,15,320.78,16.06,64.06,139.11,1,-1,-1,-1
1847,14,235.00,75.75,75.75,111.75,1,-1,-1,-1
1847,15,320.00,12.00,64.00,140.00,1,-1,-1,-1
1848,14,234.67,71.33,74.67,112.00,1,-1,-1,-1
1848,15,319.20,10.90,64.90,134.90,1,-1,-1,-1
1849,14,234.33,66.92,73.58,112.25,1,-1,-1,-1
1849,15,318.40,9.80,65.80,129.80,1,-1,-1,-1
1850,14,234.00,62.50,72.50,112.50,1,-1,-1,-1
1850,15,317.60,8.70,66.70,124.70,1,-1,-1,-1
1851,14,233.67,58.08,71.42,112.75,1,-1,-1,-1
1851,15,316.80,7.60,67.60,119.60,1,-1,-1,-1
1852,14,233.33,53.67,70.33,113.00,1,-1,-1,-1
1852,15,316.00,6.50,68.50,114.50,1,-1,-1,-1
1853,14,233.00,49.25,69.25,113.25,1,-1,-1,-1
1853,15,315.20,5.40,69.40,109.40,1,-1,-1,-1
1854,14,232.67,44.83,68.17,113.50,1,-1,-1,-1
1854,15,314.40,4.30,70.30,104.30,1,-1,-1,-1
1855,14,232.33,40.42,67.08,113.75,1,-1,-1,-1
1855,15,313.60,3.20,71.20,99.20,1,-1,-1,-1
1856,14,232.00,36.00,66.00,114.00,1,-1,-1,-1
1856,15,312.80,2.10,72.10,94.10,1,-1,-1,-1
1857,14,232.08,33.08,66.67,112.33,1,-1,-1,-1
1857,15,312.00,1.00,73.00,89.00,1,-1,-1,-1
1858,14,232.17,30.17,67.33,110.67,1,-1,-1,-1
1859,14,232.25,27.25,68.00,109.00,1,-1,-1,-1
1860,14,232.33,24.33,68.67,107.33,1,-1,-1,-1
1861,14,232.42,21.42,69.33,105.67,1,-1,-1,-1
1862,14,232.50,18.50,70.00,104.00,1,-1,-1,-1
1863,14,232.58,15.58,70.67,102.33,1,-1,-1,-1
1864,14,232.67,12.67,71.33,100.67,1,-1,-1,-1
1865,14,232.75,9.75,72.00,99.00,1,-1,-1,-1
1866,14,232.83,6.83,72.67,97.33,1,-1,-1,-1
1867,14,232.92,3.92,73.33,95.67,1,-1,-1,-1
1868,14,233.00,1.00,74.00,94.00,1,-1,-1,-1
